CATEGORY TOTAL_READS PF_READS PCT_PF_READS PF_NOISE_READS PF_READS_ALIGNED PCT_PF_READS_ALIGNED PF_ALIGNED_BASES PF_HQ_ALIGNED_READS PF_HQ_ALIGNED_BASES PF_HQ_ALIGNED_Q20_BASES PF_HQ_MEDIAN_MISMATCHES PF_MISMATCH_RATE PF_HQ_ERROR_RATE PF_INDEL_RATE MEAN_READ_LENGTH READS_ALIGNED_IN_PAIRS PCT_READS_ALIGNED_IN_PAIRS BAD_CYCLES STRAND_BALANCE PCT_CHIMERAS PCT_ADAPTER SAMPLE LIBRARY READ_GROUP
/u/home/g/gandalm/project-geschwind/TSC_MIA_Silva/data/STAR_bam/CB-420-L FIRST_OF_PAIR 33693599 33693599 1 0 33693599 1 2314613466 30723831 2110737408 2103462001 0 0.00139 0.001403 0.000073 69 33693599 1 0 0.470061 0.001836 0
/u/home/g/gandalm/project-geschwind/TSC_MIA_Silva/data/STAR_bam/CB-420-R FIRST_OF_PAIR 31136436 31136436 1 0 31136436 1 2132262808 28057602 1922137611 1915787327 0 0.002776 0.002843 0.000095 69 31136436 1 0 0.497354 0.001679 0
/u/home/g/gandalm/project-geschwind/TSC_MIA_Silva/data/STAR_bam/CB-441-L FIRST_OF_PAIR 38819587 38819587 1 0 38819587 1 2662071524 34765040 2384334700 2377166681 0 0.001928 0.001968 0.000088 69 38819587 1 0 0.474391 0.001603 0
/u/home/g/gandalm/project-geschwind/TSC_MIA_Silva/data/STAR_bam/CB-441-R FIRST_OF_PAIR 41321345 41321345 1 0 41321345 1 2830925415 37284303 2554971027 2546076946 0 0.002108 0.002152 0.000113 69 41321345 1 0 0.468463 0.001709 0
/u/home/g/gandalm/project-geschwind/TSC_MIA_Silva/data/STAR_bam/CB-442-L FIRST_OF_PAIR 39247546 39247546 1 0 39247546 1 2681785845 34860677 2382846021 2374716049 0 0.003343 0.003436 0.00011 69 39247546 1 0 0.50179 0.001451 0
/u/home/g/gandalm/project-geschwind/TSC_MIA_Silva/data/STAR_bam/CB-442-R FIRST_OF_PAIR 31787800 31787800 1 0 31787800 1 2172379139 28404109 1941957663 1928525859 0 0.003361 0.003419 0.000106 69 31787800 1 0 0.500744 0.001436 0
/u/home/g/gandalm/project-geschwind/TSC_MIA_Silva/data/STAR_bam/CB-447-L FIRST_OF_PAIR 40302809 40302809 1 0 40302809 1 2762164159 36385249 2494185540 2484654335 0 0.002109 0.002148 0.0001 69 40302809 1 0 0.472797 0.001739 0
/u/home/g/gandalm/project-geschwind/TSC_MIA_Silva/data/STAR_bam/CB-447-R FIRST_OF_PAIR 37770418 37770418 1 0 37770418 1 2582595380 34139623 2335318560 2327489792 0 0.002937 0.002991 0.000106 69 37770418 1 0 0.50675 0.001579 0
/u/home/g/gandalm/project-geschwind/TSC_MIA_Silva/data/STAR_bam/CB-455-L FIRST_OF_PAIR 34091327 34091327 1 0 34091327 1 2336292780 30097788 2062811317 2056542761 0 0.002236 0.002302 0.000093 69 34091327 1 0 0.473857 0.001554 0
/u/home/g/gandalm/project-geschwind/TSC_MIA_Silva/data/STAR_bam/CB-455-R FIRST_OF_PAIR 40432297 40432297 1 0 40432297 1 2775434505 36074922 2476424967 2468137813 0 0.001678 0.001717 0.000076 69 40432297 1 0 0.469321 0.001647 0
/u/home/g/gandalm/project-geschwind/TSC_MIA_Silva/data/STAR_bam/CB-465-L FIRST_OF_PAIR 40731704 40731704 1 0 40731704 1 2785541242 36786099 2516564714 2508138702 0 0.002894 0.002942 0.000108 69 40731704 1 0 0.502041 0.001514 0
/u/home/g/gandalm/project-geschwind/TSC_MIA_Silva/data/STAR_bam/CB-465-R FIRST_OF_PAIR 33703231 33703231 1 0 33703231 1 2310687298 30396350 2084380520 2077253807 0 0.001884 0.001922 0.000103 69 33703231 1 0 0.473434 0.001818 0
/u/home/g/gandalm/project-geschwind/TSC_MIA_Silva/data/STAR_bam/CB-466-L FIRST_OF_PAIR 31741926 31741926 1 0 31741926 1 2175214763 28443301 1949580546 1943458689 0 0.002463 0.002521 0.00009 69 31741926 1 0 0.487614 0.001655 0
/u/home/g/gandalm/project-geschwind/TSC_MIA_Silva/data/STAR_bam/CB-466-R FIRST_OF_PAIR 39078671 39078671 1 0 39078671 1 2672813361 35206872 2408940377 2400839418 0 0.003338 0.003404 0.0001 69 39078671 1 0 0.50875 0.001457 0
/u/home/g/gandalm/project-geschwind/TSC_MIA_Silva/data/STAR_bam/CB-468-L FIRST_OF_PAIR 31432842 31432842 1 0 31432842 1 2158751881 28791957 1977682178 1970646016 0 0.00152 0.001535 0.000073 69 31432842 1 0 0.474945 0.001889 0
/u/home/g/gandalm/project-geschwind/TSC_MIA_Silva/data/STAR_bam/CB-468-R FIRST_OF_PAIR 36001374 36001374 1 0 36001374 1 2467197823 32304880 2214466140 2197368819 0 0.002264 0.002312 0.00009 69 36001374 1 0 0.478116 0.001734 0
/u/home/g/gandalm/project-geschwind/TSC_MIA_Silva/data/STAR_bam/CB-469-L FIRST_OF_PAIR 29584904 29584904 1 0 29584904 1 2032538381 26645597 1830622637 1824360340 0 0.001313 0.001329 0.000071 69 29584904 1 0 0.468197 0.002018 0
/u/home/g/gandalm/project-geschwind/TSC_MIA_Silva/data/STAR_bam/CB-469-R FIRST_OF_PAIR 35452121 35452121 1 0 35452121 1 2435162687 31951939 2194866544 2187307715 0 0.001375 0.001402 0.000068 69 35452121 1 0 0.472571 0.00186 0
/u/home/g/gandalm/project-geschwind/TSC_MIA_Silva/data/STAR_bam/HP-420-L FIRST_OF_PAIR 34548346 34548346 1 0 34548346 1 2368265207 30775541 2110335655 2103177572 0 0.002376 0.00244 0.000088 69 34548346 1 0 0.488707 0.002219 0
/u/home/g/gandalm/project-geschwind/TSC_MIA_Silva/data/STAR_bam/HP-420-R FIRST_OF_PAIR 35339352 35339352 1 0 35339352 1 2428962483 32323698 2221768149 2212841208 0 0.001233 0.001238 0.000064 69 35339352 1 0 0.477173 0.002156 0
/u/home/g/gandalm/project-geschwind/TSC_MIA_Silva/data/STAR_bam/HP-441-L FIRST_OF_PAIR 43966648 43966648 1 0 43966648 1 3020822932 39792417 2734133205 2725005253 0 0.001283 0.001298 0.000067 69 43966648 1 0 0.474628 0.002244 0
/u/home/g/gandalm/project-geschwind/TSC_MIA_Silva/data/STAR_bam/HP-441-R FIRST_OF_PAIR 35020315 35020315 1 0 35020315 1 2406055400 31514999 2165279356 2158729042 0 0.001314 0.001326 0.000071 69 35020315 1 0 0.470366 0.00226 0
/u/home/g/gandalm/project-geschwind/TSC_MIA_Silva/data/STAR_bam/HP-442-L FIRST_OF_PAIR 37549424 37549424 1 0 37549424 1 2579083903 33407166 2294560442 2286588338 0 0.001405 0.001438 0.000073 69 37549424 1 0 0.462339 0.002226 0
/u/home/g/gandalm/project-geschwind/TSC_MIA_Silva/data/STAR_bam/HP-442-R FIRST_OF_PAIR 31454448 31454448 1 0 31454448 1 2161033776 28425368 1952967158 1946240917 0 0.001291 0.001308 0.000072 69 31454448 1 0 0.470073 0.002353 0
/u/home/g/gandalm/project-geschwind/TSC_MIA_Silva/data/STAR_bam/HP-447-L FIRST_OF_PAIR 34239992 34239992 1 0 34239992 1 2348150643 30718378 2107188946 2100743393 0 0.002193 0.002232 0.000087 69 34239992 1 0 0.48312 0.002089 0
/u/home/g/gandalm/project-geschwind/TSC_MIA_Silva/data/STAR_bam/HP-447-R FIRST_OF_PAIR 32971131 32971131 1 0 32971131 1 2261306997 29807570 2044927510 2038688774 0 0.002141 0.002172 0.000084 69 32971131 1 0 0.484884 0.002013 0
/u/home/g/gandalm/project-geschwind/TSC_MIA_Silva/data/STAR_bam/HP-455-L FIRST_OF_PAIR 34431754 34431754 1 0 34431754 1 2364640505 30567652 2099320820 2092686146 0 0.001462 0.001488 0.000075 69 34431754 1 0 0.469855 0.002368 0
/u/home/g/gandalm/project-geschwind/TSC_MIA_Silva/data/STAR_bam/HP-455-R FIRST_OF_PAIR 33273290 33273290 1 0 33273290 1 2285767506 29650804 2036866374 2029032587 0 0.001304 0.00133 0.000075 69 33273290 1 0 0.467418 0.002508 0
/u/home/g/gandalm/project-geschwind/TSC_MIA_Silva/data/STAR_bam/HP-465-L FIRST_OF_PAIR 38428851 38428851 1 0 38428851 1 2639226125 34521656 2370995126 2363181652 0 0.001533 0.00156 0.000074 69 38428851 1 0 0.474515 0.00231 0
/u/home/g/gandalm/project-geschwind/TSC_MIA_Silva/data/STAR_bam/HP-465-R FIRST_OF_PAIR 26684389 26684389 1 0 26684389 1 1833896369 24120100 1657631956 1645171596 0 0.001231 0.001248 0.000068 69 26684389 1 0 0.472711 0.002588 0
/u/home/g/gandalm/project-geschwind/TSC_MIA_Silva/data/STAR_bam/HP-466-L FIRST_OF_PAIR 34723752 34723752 1 0 34723752 1 2385792475 31211668 2144494274 2136335866 0 0.001266 0.001283 0.00007 69 34723752 1 0 0.47108 0.002382 0
/u/home/g/gandalm/project-geschwind/TSC_MIA_Silva/data/STAR_bam/HP-466-R FIRST_OF_PAIR 36326126 36326126 1 0 36326126 1 2493863883 32563966 2235793266 2228018047 0 0.001648 0.001695 0.000077 69 36326126 1 0 0.47173 0.002484 0
/u/home/g/gandalm/project-geschwind/TSC_MIA_Silva/data/STAR_bam/HP-468-L FIRST_OF_PAIR 33903251 33903251 1 0 33903251 1 2326451792 30642981 2103370691 2094015169 0 0.002325 0.002364 0.000065 69 33903251 1 0 0.484411 0.002077 0
/u/home/g/gandalm/project-geschwind/TSC_MIA_Silva/data/STAR_bam/HP-468-R FIRST_OF_PAIR 44209033 44209033 1 0 44209033 1 3032286215 39341716 2698883392 2689817482 0 0.00216 0.002229 0.000082 69 44209033 1 0 0.479287 0.002192 0
/u/home/g/gandalm/project-geschwind/TSC_MIA_Silva/data/STAR_bam/HP-469-L FIRST_OF_PAIR 36390271 36390271 1 0 36390271 1 2498691916 32746248 2248768586 2240739203 0 0.001509 0.001528 0.000075 69 36390271 1 0 0.474664 0.002324 0
/u/home/g/gandalm/project-geschwind/TSC_MIA_Silva/data/STAR_bam/HP-469-R FIRST_OF_PAIR 32946003 32946003 1 0 32946003 1 2263809479 29824463 2049373169 2039698675 0 0.001327 0.001343 0.000071 69 32946003 1 0 0.466335 0.002312 0
/u/home/g/gandalm/project-geschwind/TSC_MIA_Silva/data/STAR_bam/PFC-420-L FIRST_OF_PAIR 34743395 34743395 1 0 34743395 1 2385674089 31313096 2150338861 2142767524 0 0.001483 0.001508 0.000074 69 34743395 1 0 0.473635 0.002345 0
/u/home/g/gandalm/project-geschwind/TSC_MIA_Silva/data/STAR_bam/PFC-420-R FIRST_OF_PAIR 34323873 34323873 1 0 34323873 1 2353935303 31054110 2130538283 2123242423 0 0.002663 0.002726 0.000076 69 34323873 1 0 0.494844 0.002079 0
/u/home/g/gandalm/project-geschwind/TSC_MIA_Silva/data/STAR_bam/PFC-441-L FIRST_OF_PAIR 25035806 25035806 1 0 25035806 1 1720812664 22888911 1573307195 1567527676 0 0.001089 0.001089 0.000073 69 25035806 1 0 0.479004 0.002685 0
/u/home/g/gandalm/project-geschwind/TSC_MIA_Silva/data/STAR_bam/PFC-441-R FIRST_OF_PAIR 24459031 24459031 1 0 24459031 1 1680717707 22253607 1529214032 1523981352 0 0.001259 0.001262 0.000078 69 24459031 1 0 0.47792 0.002541 0
/u/home/g/gandalm/project-geschwind/TSC_MIA_Silva/data/STAR_bam/PFC-442-L FIRST_OF_PAIR 38592543 38592543 1 0 38592543 1 2650933552 34830053 2392579578 2385102360 0 0.001333 0.001342 0.000072 69 38592543 1 0 0.467341 0.00213 0
/u/home/g/gandalm/project-geschwind/TSC_MIA_Silva/data/STAR_bam/PFC-442-R FIRST_OF_PAIR 32417367 32417367 1 0 32417367 1 2226782914 29014203 1993072581 1986214972 0 0.001347 0.001378 0.000072 69 32417367 1 0 0.470412 0.002516 0
/u/home/g/gandalm/project-geschwind/TSC_MIA_Silva/data/STAR_bam/PFC-447-L FIRST_OF_PAIR 30953239 30953239 1 0 30953239 1 2125212365 28004954 1923088358 1916449466 0 0.001634 0.001666 0.000076 69 30953239 1 0 0.477837 0.002355 0
/u/home/g/gandalm/project-geschwind/TSC_MIA_Silva/data/STAR_bam/PFC-447-R FIRST_OF_PAIR 36599703 36599703 1 0 36599703 1 2498829669 32868366 2245467684 2237572638 0 0.004727 0.004871 0.000115 69 36599703 1 0 0.533028 0.001742 0
/u/home/g/gandalm/project-geschwind/TSC_MIA_Silva/data/STAR_bam/PFC-455-L FIRST_OF_PAIR 33486547 33486547 1 0 33486547 1 2300520198 30242623 2077761512 2070041987 0 0.00139 0.001413 0.000076 69 33486547 1 0 0.473154 0.002463 0
/u/home/g/gandalm/project-geschwind/TSC_MIA_Silva/data/STAR_bam/PFC-455-R FIRST_OF_PAIR 32429673 32429673 1 0 32429673 1 2227906528 29419953 2021185469 2011168209 0 0.001347 0.001355 0.000069 69 32429673 1 0 0.474287 0.002242 0
/u/home/g/gandalm/project-geschwind/TSC_MIA_Silva/data/STAR_bam/PFC-465-L FIRST_OF_PAIR 43328701 43328701 1 0 43328701 1 2978273223 39444701 2711303261 2702052947 0 0.001091 0.001098 0.000065 69 43328701 1 0 0.470517 0.002163 0
/u/home/g/gandalm/project-geschwind/TSC_MIA_Silva/data/STAR_bam/PFC-465-R FIRST_OF_PAIR 38292509 38292509 1 0 38292509 1 2624150195 33953417 2327446146 2319635435 0 0.002478 0.002559 0.00009 69 38292509 1 0 0.484335 0.002081 0
/u/home/g/gandalm/project-geschwind/TSC_MIA_Silva/data/STAR_bam/PFC-466-L FIRST_OF_PAIR 28716430 28716430 1 0 28716430 1 1972791583 25941702 1782160171 1776188030 0 0.00121 0.001212 0.000078 69 28716430 1 0 0.468781 0.00239 0
/u/home/g/gandalm/project-geschwind/TSC_MIA_Silva/data/STAR_bam/PFC-466-R FIRST_OF_PAIR 30055762 30055762 1 0 30055762 1 2063502737 27295591 1874313043 1867296167 0 0.001643 0.00166 0.00008 69 30055762 1 0 0.480119 0.002502 0
/u/home/g/gandalm/project-geschwind/TSC_MIA_Silva/data/STAR_bam/PFC-468-L FIRST_OF_PAIR 34253561 34253561 1 0 34253561 1 2348090787 30466300 2089101226 2080353480 0 0.002369 0.002421 0.000088 69 34253561 1 0 0.481331 0.002072 0
/u/home/g/gandalm/project-geschwind/TSC_MIA_Silva/data/STAR_bam/PFC-468-R FIRST_OF_PAIR 36103102 36103102 1 0 36103102 1 2479184621 32381822 2223841711 2215999497 0 0.001448 0.001466 0.000073 69 36103102 1 0 0.475863 0.002339 0
/u/home/g/gandalm/project-geschwind/TSC_MIA_Silva/data/STAR_bam/PFC-469-L FIRST_OF_PAIR 36472359 36472359 1 0 36472359 1 2502566909 32584888 2236027846 2227812453 0 0.001814 0.001854 0.000085 69 36472359 1 0 0.473438 0.002128 0
/u/home/g/gandalm/project-geschwind/TSC_MIA_Silva/data/STAR_bam/PFC-469-R FIRST_OF_PAIR 35278268 35278268 1 0 35278268 1 2423460389 31831262 2186766480 2177299137 0 0.001427 0.001442 0.00007 69 35278268 1 0 0.471799 0.002207 0
