FileName PF_BASES PF_ALIGNED_BASES RIBOSOMAL_BASES CODING_BASES UTR_BASES INTRONIC_BASES INTERGENIC_BASES IGNORED_READS CORRECT_STRAND_READS INCORRECT_STRAND_READS PCT_RIBOSOMAL_BASES PCT_CODING_BASES PCT_UTR_BASES PCT_INTRONIC_BASES PCT_INTERGENIC_BASES PCT_MRNA_BASES PCT_USABLE_BASES PCT_CORRECT_STRAND_READS MEDIAN_CV_COVERAGE MEDIAN_5PRIME_BIAS MEDIAN_3PRIME_BIAS MEDIAN_5PRIME_TO_3PRIME_BIAS SAMPLE LIBRARY READ_GROUP
/u/home/g/gandalm/project-geschwind/TSC_MIA_Silva/data/STAR_bam/CB-420-L 4649716662 4632678374 1205956615 1443338027 1728511000 254872732 0 32853852 447910 0.260315 0.311556 0.373113 0.055016 0.571871 0.569776 0.98655 0.439632 0.452593 0.75691 0.630143
/u/home/g/gandalm/project-geschwind/TSC_MIA_Silva/data/STAR_bam/CB-420-R 4296828168 4264519356 1041010796 1386796412 1518357506 318354642 0 28428830 1140667 0.24411 0.325194 0.356044 0.074652 0.569304 0.565023 0.961424 0.457524 0.42075 0.728454 0.608224
/u/home/g/gandalm/project-geschwind/TSC_MIA_Silva/data/STAR_bam/CB-441-L 5357103006 5328576612 1447033518 1764698481 1777266307 339578306 0 38799413 850806 0.271561 0.331176 0.333535 0.063728 0.602737 0.599528 0.978542 0.456007 0.453273 0.730385 0.642217
/u/home/g/gandalm/project-geschwind/TSC_MIA_Silva/data/STAR_bam/CB-441-R 5702345610 5668395286 1445267410 1916731639 1912886734 393509503 0 40978101 1180749 0.254969 0.338144 0.337465 0.069422 0.593113 0.589582 0.971993 0.472606 0.431856 0.740904 0.610641
/u/home/g/gandalm/project-geschwind/TSC_MIA_Silva/data/STAR_bam/CB-442-L 5416161348 5364888576 1326163165 1910532845 1672207981 455984585 0 36852218 1774199 0.247193 0.356118 0.311695 0.084994 0.603311 0.5976 0.954068 0.479831 0.423944 0.711417 0.636384
/u/home/g/gandalm/project-geschwind/TSC_MIA_Silva/data/STAR_bam/CB-442-R 4386716400 4347116441 1030653117 1466219137 1488081896 362162291 0 28219827 1468845 0.237089 0.337285 0.342315 0.083311 0.574374 0.569189 0.950525 0.47352 0.439309 0.72824 0.642893
/u/home/g/gandalm/project-geschwind/TSC_MIA_Silva/data/STAR_bam/CB-447-L 5561787642 5529529796 1469266549 1864303919 1822960246 372999082 0 40614170 954076 0.265713 0.337154 0.329677 0.067456 0.602867 0.59937 0.977048 0.456307 0.462825 0.741004 0.650104
/u/home/g/gandalm/project-geschwind/TSC_MIA_Silva/data/STAR_bam/CB-447-R 5212317684 5166666062 1256936565 1716790401 1775308975 417630121 0 34072333 1681480 0.243278 0.332282 0.343608 0.080832 0.57556 0.570519 0.952971 0.476115 0.43075 0.713211 0.629406
/u/home/g/gandalm/project-geschwind/TSC_MIA_Silva/data/STAR_bam/CB-455-L 4704603126 4676364895 1268396682 1616258985 1479666969 312042259 0 34382657 861290 0.271236 0.345623 0.316414 0.066728 0.616859 0.613156 0.975562 0.457095 0.467667 0.7394 0.664097
/u/home/g/gandalm/project-geschwind/TSC_MIA_Silva/data/STAR_bam/CB-455-R 5579656986 5554566127 1502883958 1918774734 1807360263 325547172 0 41860475 651293 0.270567 0.345441 0.325383 0.058609 0.616008 0.613238 0.98468 0.452491 0.452806 0.753949 0.651204
/u/home/g/gandalm/project-geschwind/TSC_MIA_Silva/data/STAR_bam/CB-465-L 5620975152 5573912342 1376726377 1901171121 1847824597 448190247 0 37694168 1844825 0.246995 0.341084 0.331513 0.080409 0.588078 0.583155 0.953342 0.497661 0.391952 0.695932 0.572074
/u/home/g/gandalm/project-geschwind/TSC_MIA_Silva/data/STAR_bam/CB-465-R 4651045878 4625749823 1273448503 1545447043 1506881452 299972825 0 34515217 756689 0.275296 0.334097 0.325759 0.064848 0.609392 0.606078 0.978547 0.469251 0.434694 0.723779 0.622613
/u/home/g/gandalm/project-geschwind/TSC_MIA_Silva/data/STAR_bam/CB-466-L 4380385788 4351465408 1158304462 1477839184 1415104479 300217283 0 31460179 957623 0.266187 0.339619 0.325202 0.068992 0.605806 0.601806 0.97046 0.475879 0.432439 0.712656 0.63843
/u/home/g/gandalm/project-geschwind/TSC_MIA_Silva/data/STAR_bam/CB-466-R 5392856598 5344880080 1258913455 1762566656 1872539629 450860340 0 34393890 1770122 0.235536 0.329767 0.350343 0.084354 0.565304 0.560275 0.951053 0.47959 0.421832 0.710117 0.622456
/u/home/g/gandalm/project-geschwind/TSC_MIA_Silva/data/STAR_bam/CB-468-L 4337732196 4319793949 1147054148 1351863407 1564538658 256337736 0 31096727 491054 0.265534 0.312946 0.362179 0.05934 0.578481 0.576088 0.984454 0.459803 0.441433 0.713099 0.639048
/u/home/g/gandalm/project-geschwind/TSC_MIA_Silva/data/STAR_bam/CB-468-R 4968189612 4938944066 1407366553 1704043612 1498570476 328963425 0 37871133 914463 0.284953 0.345022 0.303419 0.066606 0.629975 0.626266 0.976423 0.474371 0.433642 0.71508 0.617083
/u/home/g/gandalm/project-geschwind/TSC_MIA_Silva/data/STAR_bam/CB-469-L 4082716752 4068117776 1125871453 1346030054 1388560708 207655561 0 30436042 329407 0.276755 0.330873 0.341328 0.051045 0.607628 0.605455 0.989293 0.410429 0.468867 0.745256 0.636543
/u/home/g/gandalm/project-geschwind/TSC_MIA_Silva/data/STAR_bam/CB-469-R 4892392698 4873619195 1367030575 1587539441 1653333773 265715406 0 36403927 500320 0.280496 0.325741 0.339241 0.054521 0.606237 0.603911 0.986443 0.444147 0.447281 0.705869 0.64787
/u/home/g/gandalm/project-geschwind/TSC_MIA_Silva/data/STAR_bam/HP-420-L 4767671748 4737638309 1339079761 1606043078 1471884196 320631274 0 34884474 855777 0.282647 0.338997 0.310679 0.067677 0.621644 0.617728 0.976056 0.395508 0.484125 0.751121 0.681736
/u/home/g/gandalm/project-geschwind/TSC_MIA_Silva/data/STAR_bam/HP-420-R 4876830576 4861696363 1389853938 1507667236 1698950311 265224878 0 36115214 345189 0.285878 0.310111 0.349456 0.054554 0.59599 0.59414 0.990532 0.435338 0.457043 0.73826 0.665183
/u/home/g/gandalm/project-geschwind/TSC_MIA_Silva/data/STAR_bam/HP-441-L 6067397424 6046556159 1776771146 1982260493 1954762398 332762122 0 46509694 502882 0.293848 0.327833 0.323285 0.055033 0.621681 0.619546 0.989303 0.429996 0.465719 0.738176 0.664138
/u/home/g/gandalm/project-geschwind/TSC_MIA_Silva/data/STAR_bam/HP-441-R 4832803470 4816341086 1411807106 1623885396 1526906931 253741653 0 37279439 374799 0.293129 0.337162 0.317026 0.052683 0.63029 0.628143 0.990046 0.398262 0.467494 0.757731 0.667136
/u/home/g/gandalm/project-geschwind/TSC_MIA_Silva/data/STAR_bam/HP-442-L 5181820512 5162323538 1520101469 1893373521 1475595491 273253057 0 42115049 365035 0.294461 0.366768 0.285839 0.052932 0.661228 0.65874 0.991407 0.42248 0.451874 0.740843 0.657624
/u/home/g/gandalm/project-geschwind/TSC_MIA_Silva/data/STAR_bam/HP-442-R 4340713824 4325942113 1279015028 1467120880 1352789319 227016886 0 34084920 284377 0.295662 0.339145 0.312716 0.052478 0.634806 0.632646 0.991726 0.422 0.44011 0.737932 0.632684
/u/home/g/gandalm/project-geschwind/TSC_MIA_Silva/data/STAR_bam/HP-447-L 4725118896 4698227735 1311509594 1576897483 1496432605 313388053 0 34717685 785744 0.27915 0.335637 0.31851 0.066703 0.614787 0.611288 0.977869 0.40721 0.455814 0.759896 0.643242
/u/home/g/gandalm/project-geschwind/TSC_MIA_Silva/data/STAR_bam/HP-447-R 4550016078 4524470194 1242375055 1494669961 1485171662 302253516 0 33060250 779181 0.27459 0.330352 0.328253 0.066804 0.604943 0.601546 0.976974 0.417424 0.425991 0.76277 0.61673
/u/home/g/gandalm/project-geschwind/TSC_MIA_Silva/data/STAR_bam/HP-455-L 4751582052 4733351519 1481772285 1707030899 1292516035 252032300 0 38902237 421747 0.313049 0.360639 0.273066 0.053246 0.673688 0.671103 0.989275 0.405982 0.473541 0.754672 0.655657
/u/home/g/gandalm/project-geschwind/TSC_MIA_Silva/data/STAR_bam/HP-455-R 4591714020 4575405269 1448543708 1698075589 1190973190 237812782 0 38940488 318543 0.316594 0.371131 0.260299 0.051976 0.687725 0.685282 0.991886 0.423208 0.433296 0.7366 0.611755
/u/home/g/gandalm/project-geschwind/TSC_MIA_Silva/data/STAR_bam/HP-465-L 5303181438 5282212089 1632144859 1836491759 1520568669 293006802 0 42769181 482092 0.308989 0.347675 0.287866 0.05547 0.656664 0.654067 0.988854 0.424243 0.468277 0.739631 0.667318
/u/home/g/gandalm/project-geschwind/TSC_MIA_Silva/data/STAR_bam/HP-465-R 3682445682 3670847463 1191935139 1290705428 1007980018 180226878 0 31025702 222263 0.324703 0.35161 0.274591 0.049097 0.676313 0.674183 0.992887 0.424629 0.430492 0.71224 0.651565
/u/home/g/gandalm/project-geschwind/TSC_MIA_Silva/data/STAR_bam/HP-466-L 4791877776 4775525562 1505130237 1715951731 1306201878 248241716 0 39993468 356627 0.315176 0.359322 0.27352 0.051982 0.674498 0.672196 0.991162 0.427602 0.437194 0.766889 0.613786
/u/home/g/gandalm/project-geschwind/TSC_MIA_Silva/data/STAR_bam/HP-466-R 5013005388 4990807366 1631307248 1852364519 1235778088 271357511 0 43074622 555900 0.326862 0.371155 0.247611 0.054371 0.698018 0.694927 0.987259 0.420272 0.447637 0.722366 0.662329
/u/home/g/gandalm/project-geschwind/TSC_MIA_Silva/data/STAR_bam/HP-468-L 4678648638 4651961866 1306860779 1620320638 1390009197 334771252 0 35669820 1038021 0.280927 0.348309 0.298801 0.071963 0.629236 0.625647 0.971722 0.482917 0.350424 0.709121 0.513832
/u/home/g/gandalm/project-geschwind/TSC_MIA_Silva/data/STAR_bam/HP-468-R 6100846554 6066716267 1864165329 2213430426 1594996246 394124266 0 49539334 949166 0.307277 0.364848 0.262909 0.064965 0.672126 0.668366 0.9812 0.443956 0.43339 0.717653 0.636099
/u/home/g/gandalm/project-geschwind/TSC_MIA_Silva/data/STAR_bam/HP-469-L 5021857398 5001075623 1483286176 1726717242 1512509155 278563050 0 39238717 623564 0.296593 0.345269 0.302437 0.055701 0.641863 0.639206 0.984357 0.402023 0.441967 0.767761 0.626514
/u/home/g/gandalm/project-geschwind/TSC_MIA_Silva/data/STAR_bam/HP-469-R 4546548414 4531176082 1344472893 1589881881 1359375123 237446185 0 36641190 282272 0.296716 0.350876 0.300005 0.052403 0.647592 0.645403 0.992355 0.427492 0.430263 0.773903 0.59415
/u/home/g/gandalm/project-geschwind/TSC_MIA_Silva/data/STAR_bam/PFC-420-L 4794588510 4774797439 1416494263 1613035945 1464851307 280415924 0 37290334 478973 0.296661 0.337823 0.306788 0.058728 0.634484 0.631864 0.987318 0.418871 0.47214 0.732587 0.680747
/u/home/g/gandalm/project-geschwind/TSC_MIA_Silva/data/STAR_bam/PFC-420-R 4736694474 4705407365 1193349377 1504998744 1619787876 387271368 0 32238569 1134547 0.253612 0.319845 0.34424 0.082303 0.573457 0.569669 0.966004 0.442473 0.398794 0.748981 0.568123
/u/home/g/gandalm/project-geschwind/TSC_MIA_Silva/data/STAR_bam/PFC-441-L 3454941228 3444456901 960896888 1068475003 1215786555 199298455 0 25171338 202284 0.278969 0.310201 0.352969 0.057861 0.58917 0.587382 0.992028 0.382648 0.453967 0.751618 0.642628
/u/home/g/gandalm/project-geschwind/TSC_MIA_Silva/data/STAR_bam/PFC-441-R 3375346278 3364415263 921438377 1049787849 1193414539 199774498 0 24347287 211641 0.273878 0.312027 0.354717 0.059379 0.585905 0.584007 0.991382 0.386688 0.471061 0.759552 0.669457
/u/home/g/gandalm/project-geschwind/TSC_MIA_Silva/data/STAR_bam/PFC-442-L 5325770934 5306994447 1497355112 1807198415 1698602175 303838745 0 40646506 574188 0.282147 0.340531 0.320069 0.057253 0.622679 0.620484 0.98607 0.404931 0.447992 0.78508 0.625695
/u/home/g/gandalm/project-geschwind/TSC_MIA_Silva/data/STAR_bam/PFC-442-R 4473596646 4456928250 1385124299 1582896773 1242503585 246403593 0 36697054 342691 0.31078 0.355154 0.27878 0.055286 0.665934 0.663453 0.990748 0.418338 0.461899 0.730999 0.659872
/u/home/g/gandalm/project-geschwind/TSC_MIA_Silva/data/STAR_bam/PFC-447-L 4271546982 4252930643 1251557090 1436090294 1302587192 262696067 0 33123895 461498 0.294281 0.337671 0.30628 0.061768 0.631952 0.629198 0.986259 0.413149 0.460749 0.756437 0.626279
/u/home/g/gandalm/project-geschwind/TSC_MIA_Silva/data/STAR_bam/PFC-447-R 5050759014 4991855339 1079811395 1662886659 1717753675 531403610 0 29744486 2056174 0.216315 0.33312 0.344111 0.106454 0.549435 0.543027 0.935342 0.484082 0.435536 0.715435 0.62473
/u/home/g/gandalm/project-geschwind/TSC_MIA_Silva/data/STAR_bam/PFC-455-L 4621143486 4603878230 1354957419 1582077763 1392447401 274395647 0 36476792 366993 0.294308 0.34364 0.302451 0.059601 0.637948 0.635565 0.990039 0.420713 0.427525 0.742014 0.619603
/u/home/g/gandalm/project-geschwind/TSC_MIA_Silva/data/STAR_bam/PFC-455-R 4475294874 4459696990 1280241216 1504801033 1413474354 261180387 0 34770806 293304 0.287069 0.337422 0.316944 0.058565 0.624491 0.622315 0.991635 0.426722 0.429561 0.742145 0.617867
/u/home/g/gandalm/project-geschwind/TSC_MIA_Silva/data/STAR_bam/PFC-465-L 5979360738 5961415432 1761922315 2001212268 1868072285 330208564 0 47170462 346184 0.295554 0.335694 0.313361 0.055391 0.631249 0.629354 0.992714 0.420048 0.446121 0.752206 0.632824
/u/home/g/gandalm/project-geschwind/TSC_MIA_Silva/data/STAR_bam/PFC-465-R 5284366242 5249069468 1486101121 1827391784 1556450881 379125682 0 39365958 1033091 0.283117 0.348136 0.296519 0.072227 0.631253 0.627037 0.974428 0.423237 0.455256 0.745097 0.666126
/u/home/g/gandalm/project-geschwind/TSC_MIA_Silva/data/STAR_bam/PFC-466-L 3962867340 3949572626 1132388990 1335744980 1262353066 219085590 0 30456639 255020 0.286712 0.3382 0.319618 0.055471 0.624912 0.622815 0.991696 0.377836 0.4574 0.76924 0.624786
/u/home/g/gandalm/project-geschwind/TSC_MIA_Silva/data/STAR_bam/PFC-466-R 4147695156 4129439213 1173160902 1360134332 1337202969 258941010 0 31173729 471912 0.284097 0.329375 0.323822 0.062706 0.613472 0.610772 0.985088 0.398827 0.438852 0.773924 0.601511
/u/home/g/gandalm/project-geschwind/TSC_MIA_Silva/data/STAR_bam/PFC-468-L 4726991418 4698172439 1332057512 1629871353 1408441197 327802377 0 35289384 802184 0.283527 0.346916 0.299785 0.069772 0.630443 0.626599 0.977774 0.392223 0.484116 0.787855 0.679543
/u/home/g/gandalm/project-geschwind/TSC_MIA_Silva/data/STAR_bam/PFC-468-R 4982228076 4962383278 1508501891 1690712619 1476395243 286773525 0 39068540 484285 0.303987 0.340706 0.297517 0.057789 0.644693 0.642125 0.987756 0.394257 0.481016 0.747814 0.65887
/u/home/g/gandalm/project-geschwind/TSC_MIA_Silva/data/STAR_bam/PFC-469-L 5033185542 5008441617 1420625921 1752396792 1512942992 322475912 0 38563482 654375 0.283646 0.349889 0.302079 0.064386 0.633535 0.63042 0.983314 0.440112 0.442419 0.73273 0.62358
/u/home/g/gandalm/project-geschwind/TSC_MIA_Silva/data/STAR_bam/PFC-469-R 4868400984 4850344729 1444461705 1641245051 1486211858 278426115 0 38190338 389323 0.297806 0.338377 0.306414 0.057403 0.636183 0.633823 0.989909 0.418876 0.451971 0.749012 0.659734
